model: cnn_pytorch_emnist
accuracy: 0.9329054054054055
precision: 0.6869573972190455
recall: 0.6826442307692309
f1_score: 0.6844460975040387
----
